251
1.490525e+02 2.980114e+02 7.854256e+06
2.059299e+02 1.199297e+02 7.815313e+06
2.809545e+02 1.989470e+02 7.580442e+06
2.271589e+02 1.860575e+02 7.508884e+06
1.879594e+02 1.941394e+02 7.315179e+06
2.447894e+02 2.069637e+02 7.220394e+06
2.451399e+02 1.138333e+02 7.193809e+06
2.998752e+02 2.150764e+02 7.097303e+06
1.670607e+02 2.711404e+02 7.090900e+06
2.274174e+02 1.390300e+02 7.055148e+06
2.269616e+02 2.319567e+02 7.018027e+06
3.009171e+02 1.711171e+02 6.992664e+06
1.873191e+02 1.459148e+02 6.974779e+06
1.881527e+02 2.411272e+02 6.856359e+06
1.657482e+02 1.758842e+02 6.788159e+06
2.828544e+02 1.080185e+02 6.762708e+06
2.445873e+02 2.519894e+02 6.688679e+06
1.452946e+02 1.531671e+02 6.614865e+06
1.461424e+02 2.027239e+02 6.587885e+06
2.823046e+02 1.540757e+02 6.527799e+06
2.653715e+02 1.324294e+02 6.485936e+06
2.452060e+02 1.609948e+02 6.484348e+06
3.019283e+02 1.261813e+02 6.444392e+06
2.649557e+02 1.783640e+02 6.431252e+06
2.804407e+02 2.430796e+02 6.401337e+06
2.648679e+02 2.677806e+02 6.307752e+06
2.643080e+02 2.234967e+02 6.275659e+06
2.063797e+02 1.681669e+02 6.269958e+06
1.661435e+02 2.241070e+02 6.245168e+06
2.068118e+02 2.612051e+02 6.236511e+06
2.281250e+02 2.772718e+02 6.106092e+06
3.159118e+02 1.912676e+02 6.105142e+06
1.893524e+02 2.873602e+02 6.076579e+06
1.650455e+02 1.264708e+02 5.991038e+06
2.996837e+02 2.585644e+02 5.906108e+06
1.879823e+02 3.961025e+02 5.784789e+06
2.062883e+02 2.152716e+02 5.782461e+06
1.470768e+02 2.507848e+02 5.642331e+06
3.174064e+02 1.474219e+02 5.589208e+06
2.659907e+02 1.107291e+02 5.567096e+06
2.640199e+02 2.470500e+02 5.552238e+06
1.872051e+02 1.229099e+02 5.387907e+06
1.680556e+02 2.929786e+02 5.369902e+06
2.451806e+02 1.359479e+02 5.360164e+06
3.150849e+02 2.347221e+02 5.338530e+06
3.183311e+02 1.025848e+02 5.330273e+06
2.062004e+02 1.427765e+02 5.228097e+06
1.660097e+02 1.987810e+02 5.080756e+06
2.818058e+02 1.750473e+02 4.785578e+06
1.450797e+02 1.297420e+02 4.784899e+06
1.479173e+02 2.759626e+02 4.778726e+06
1.652346e+02 1.497774e+02 4.759538e+06
2.810888e+02 2.197671e+02 4.704299e+06
1.879705e+02 2.191938e+02 4.543076e+06
1.458505e+02 1.795021e+02 4.497778e+06
2.448826e+02 1.826683e+02 4.488336e+06
2.442421e+02 2.279369e+02 4.481196e+06
2.272700e+02 1.165250e+02 4.457919e+06
3.168718e+02 1.680608e+02 4.378672e+06
3.000548e+02 1.947979e+02 4.362745e+06
2.273817e+02 2.561474e+02 4.311728e+06
3.023206e+02 1.049842e+02 4.273598e+06
2.451895e+02 2.729441e+02 4.256589e+06
1.778737e+02 3.959332e+02 4.251592e+06
2.654467e+02 1.570191e+02 4.248844e+06
2.271705e+02 2.107038e+02 4.173596e+06
2.061721e+02 1.903060e+02 4.143553e+06
2.810215e+02 2.635888e+02 4.131820e+06
2.276214e+02 1.641437e+02 4.082981e+06
3.182422e+02 1.236364e+02 4.054788e+06
2.062853e+02 2.368627e+02 4.039093e+06
1.878241e+02 1.717327e+02 4.004363e+06
2.072364e+02 2.827054e+02 3.976945e+06
2.824601e+02 1.295047e+02 3.889786e+06
2.648165e+02 2.026813e+02 3.768697e+06
2.299152e+02 4.309559e+02 3.697678e+06
1.885802e+02 2.659302e+02 3.679237e+06
3.150560e+02 2.546430e+02 3.652436e+06
1.466898e+02 2.282441e+02 3.619453e+06
3.015927e+02 1.503165e+02 3.614021e+06
3.630140e+02 2.470927e+02 3.577323e+06
4.662052e+02 2.859847e+02 3.473970e+06
4.519804e+02 3.090916e+01 3.404268e+06
3.962419e+02 2.590764e+02 3.333393e+06
3.790567e+02 2.288843e+02 3.328681e+06
4.857568e+02 2.672200e+02 3.307797e+06
4.819230e+02 3.146320e+02 3.297192e+06
4.450489e+02 2.998765e+02 3.279475e+06
3.469811e+02 2.176327e+02 3.241362e+06
3.155571e+02 2.117447e+02 3.233632e+06
2.995246e+02 2.384292e+02 3.213725e+06
4.206672e+02 3.875668e+01 3.199092e+06
1.666893e+02 2.461888e+02 3.158588e+06
4.133449e+02 2.408114e+02 3.148728e+06
4.039561e+02 1.749424e+01 3.046067e+06
3.988900e+02 2.140076e+02 3.007104e+06
4.306210e+02 2.721261e+02 2.997253e+06
4.429786e+02 1.015430e+01 2.985674e+06
3.766498e+02 2.730136e+02 2.939295e+06
3.340262e+02 1.922910e+02 2.918255e+06
4.002046e+02 1.679596e+02 2.913703e+06
3.327580e+02 2.353561e+02 2.866904e+06
3.810393e+02 1.838423e+02 2.848354e+06
4.483831e+02 2.537100e+02 2.789138e+06
3.561111e+02 6.478319e+01 2.745965e+06
1.939232e+02 4.037877e+02 2.734779e+06
4.702237e+02 2.382440e+02 2.714239e+06
3.487882e+02 1.736528e+02 2.665311e+06
2.304166e+02 4.170645e+02 2.661831e+06
4.336704e+02 2.258597e+02 2.546426e+06
4.154621e+02 1.947339e+02 2.527688e+06
3.451323e+02 2.605024e+02 2.469438e+06
3.654743e+02 2.028686e+02 2.465388e+06
4.105364e+02 2.859576e+02 2.451177e+06
4.729729e+02 1.900156e+02 2.446291e+06
3.663804e+02 1.579908e+02 2.432979e+06
5.540009e+02 1.357324e+02 2.403745e+06
4.515746e+02 2.063943e+02 2.387958e+06
4.319923e+02 2.477794e+02 2.341890e+06
3.679091e+02 1.120365e+02 2.334673e+06
4.926947e+02 1.690287e+02 2.331014e+06
3.822403e+02 1.379343e+02 2.315393e+06
3.362303e+02 1.035648e+02 2.314713e+06
2.353378e+02 3.816731e+02 2.314221e+06
4.358911e+02 1.787391e+02 2.258067e+06
3.640876e+02 2.238191e+02 2.248724e+06
4.538404e+02 1.580228e+02 2.232736e+06
3.349039e+02 1.485840e+02 2.225584e+06
4.680326e+02 2.609355e+02 2.206111e+06
3.497536e+02 1.288304e+02 2.205357e+06
4.024232e+02 3.664337e+01 2.202343e+06
4.894978e+02 2.186608e+02 2.201743e+06
1.877588e+02 3.988877e+02 2.196319e+06
4.769159e+02 6.594815e-01 2.196276e+06
4.381522e+02 1.301262e+02 2.159477e+06
1.917949e+02 3.991290e+02 2.099388e+06
2.259332e+02 4.219718e+02 2.092028e+06
4.120270e+02 2.650139e+02 2.080821e+06
4.758019e+02 1.402368e+02 2.071789e+06
4.024098e+02 1.206785e+02 2.036901e+06
4.178011e+02 1.476175e+02 2.029571e+06
1.859572e+02 4.000729e+02 2.019550e+06
4.010659e+02 1.430296e+02 2.010555e+06
4.229042e+02 6.889291e+01 2.009083e+06
3.969605e+02 7.730548e+01 1.946251e+06
5.037073e+02 5.292552e+01 1.941428e+06
4.941926e+02 1.451442e+02 1.913937e+06
4.469273e+02 2.783478e+02 1.897722e+06
3.329587e+02 2.126978e+02 1.883664e+06
4.168202e+02 3.528326e+02 1.839783e+06
4.605937e+02 7.022330e+01 1.837198e+06
3.508021e+02 9.156624e-01 1.809284e+06
4.741016e+02 1.639177e+02 1.798591e+06
4.643848e+02 3.078152e+02 1.793099e+06
5.920589e+02 4.392248e+01 1.785114e+06
3.619216e+02 2.672103e+02 1.783157e+06
4.289687e+02 2.932414e+02 1.781875e+06
3.807495e+02 2.078527e+02 1.774944e+06
3.780090e+02 2.525973e+02 1.759341e+06
4.272437e+02 3.864988e+01 1.728748e+06
3.988297e+02 7.749165e+01 1.717354e+06
3.947750e+02 2.799130e+02 1.715781e+06
3.990778e+02 1.897466e+02 1.714443e+06
4.159459e+02 8.203390e+00 1.690775e+06
3.654055e+02 6.456967e+01 1.686176e+06
3.661066e+02 1.790378e+02 1.676504e+06
3.480341e+02 1.970502e+02 1.675662e+06
3.352307e+02 1.248405e+02 1.655963e+06
4.602231e+02 5.054744e+01 1.633231e+06
2.302935e+02 4.138168e+02 1.631081e+06
3.669007e+02 1.337597e+02 1.621874e+06
9.995548e+01 3.420004e+02 1.613294e+06
4.911572e+02 1.953037e+02 1.612301e+06
5.083949e+02 7.462949e+01 1.584654e+06
4.837898e+02 2.924945e+02 1.576378e+06
3.462183e+02 2.407287e+02 1.574974e+06
4.943574e+02 4.207095e+01 1.572581e+06
4.718231e+02 2.129007e+02 1.561794e+06
4.189564e+02 1.249314e+02 1.547796e+06
2.255742e+02 4.467597e+02 1.547227e+06
2.305013e+02 4.242818e+02 1.547062e+06
3.974827e+02 2.351823e+02 1.543561e+06
5.112609e+02 5.458646e+01 1.535151e+06
4.147407e+02 2.192221e+02 1.534672e+06
4.369124e+02 1.530263e+02 1.520158e+06
3.575802e+02 5.352372e+01 1.508272e+06
3.316415e+02 2.549925e+02 1.500868e+06
4.482476e+02 5.781431e-01 1.500657e+06
4.879007e+02 2.443407e+02 1.488148e+06
3.342525e+02 1.690475e+02 1.486021e+06
5.809682e+02 1.479256e+02 1.484242e+06
4.948668e+02 1.241648e+01 1.481700e+06
3.837280e+02 1.159370e+02 1.476837e+06
5.481782e+02 8.386813e+01 1.475656e+06
4.551399e+02 1.348718e+02 1.466379e+06
4.315507e+02 5.838776e+01 1.460818e+06
4.186149e+02 8.289065e+00 1.447693e+06
8.775560e+01 3.393132e+02 1.420256e+06
4.347324e+02 2.008894e+02 1.417111e+06
5.539290e+02 2.087314e+00 1.414423e+06
3.489640e+02 1.528222e+02 1.412371e+06
4.527065e+02 1.838487e+02 1.393691e+06
3.814394e+02 1.624901e+02 1.374893e+06
3.891827e+02 2.546060e+01 1.373137e+06
4.166005e+02 1.727126e+02 1.372361e+06
3.905236e+02 1.513426e+01 1.363956e+06
1.008642e+02 3.401726e+02 1.352053e+06
4.435525e+02 5.936956e+01 1.333420e+06
4.503348e+02 2.314350e+02 1.319668e+06
4.289323e+02 2.611734e+01 1.311146e+06
3.464113e+02 7.204856e+01 1.310275e+06
3.825498e+02 4.560374e+01 1.307651e+06
4.526409e+02 9.440990e+00 1.282341e+06
3.502219e+02 1.072984e+02 1.269261e+06
2.229253e+02 3.931554e+02 1.256943e+06
2.204574e+02 3.922705e+02 1.246042e+06
3.775002e+02 3.401471e+01 1.245008e+06
2.261253e+02 4.285636e+02 1.244200e+06
1.982031e+02 3.928897e+02 1.239438e+06
4.761074e+02 2.132849e+01 1.225811e+06
3.922009e+02 7.665828e+01 1.223076e+06
5.053242e+02 3.576169e+00 1.203293e+06
4.063325e+02 2.632782e+01 1.199770e+06
4.706193e+02 2.885851e+01 1.169373e+06
3.618780e+02 3.248010e+02 1.168932e+06
4.428445e+02 1.831822e+01 1.168318e+06
5.856495e+02 1.582888e+02 1.166590e+06
3.781935e+02 2.404892e+01 1.155097e+06
4.077325e+02 6.757022e+01 1.152734e+06
3.628554e+02 4.286235e+01 1.142437e+06
3.932486e+02 4.366002e+01 1.140079e+06
4.060577e+02 3.427067e+01 1.118691e+06
5.068898e+02 1.323245e+01 1.116838e+06
4.935809e+02 2.224287e+01 1.108917e+06
4.024227e+02 6.751362e+00 1.104451e+06
3.775542e+02 4.201217e+00 1.090764e+06
4.914200e+02 5.061221e+01 1.088497e+06
4.262410e+02 1.593436e+01 1.079028e+06
4.653038e+02 8.163066e+01 1.068402e+06
4.658921e+02 7.090120e+01 1.061130e+06
3.547346e+02 4.104052e+01 1.046974e+06
1.951370e+02 4.172290e+02 1.043908e+06
4.488559e+02 1.722035e+01 1.041484e+06
4.128397e+02 3.714403e+01 1.037741e+06
3.944263e+02 5.695556e+01 1.033461e+06
3.473901e+02 5.213583e+01 1.011084e+06
4.191840e+02 5.522418e+01 1.008389e+06
3.626954e+02 3.233507e+02 1.006108e+06
4.140786e+02 4.740728e+01 1.005214e+06
4.773224e+02 3.915271e+01 1.001805e+06
4.386788e+02 3.681870e+01 1.001329e+06
